   1      "ao-r+dx"    1    5.648736   0.999913   0.999913
   2         "t+uw"    1    1.000008   2.329762   3.083266
   3       "l-f+ey"    1    2.881134   5.480605   4.520518
   4       "l-f+ix"    1    2.932368   4.165362   1.901708
   5       "d-eh+l"    1    1.017415   4.158112   5.872795
   6      "iy-d+ah"    1    1.023045   1.147400   2.846604
   7      "iy-d+ey"    1    0.999977   1.984139   5.015750
   8      "uw-ih+z"    1    3.081854   1.120456   1.381734
   9       "uh-k+t"    1    0.999997   0.999997   0.999997
  10       "uh-k+w"    1    0.999953   0.999939   1.001077
  11       "l-uh+k"    1    1.078155   1.919380   0.999997
  12     "eh-jh+ax"    1    9.620710   5.340586   4.755311
  13       "uh-l+f"    1    1.000379   4.776015   1.080618
  14         "ax+n"    1    1.043200   1.019194   1.742037
  15         "ax-l"    1    1.996646   4.970986  14.030758
  16         "ax-n"    3    6.198346  10.165385  25.543621
  17         "ax-p"    1    3.984986   2.002111   2.985524
  18      "uw-k+ax"    1    3.000747   0.999857   0.999898
  19      "dh-ax+g"    2    2.000493   2.000015   2.000095
  20      "dh-ax+k"    2    2.561797   2.036628   2.151574
  21      "dh-ax+l"    2    2.037146   2.007496   2.043484
  22      "dh-ax+p"    2    2.001494   1.999869   1.999866
  23      "dh-ax+t"    1    1.003684   0.999926   1.000005
  24      "dh-ax+w"    4    4.000706   3.999877   5.836435
  25         "ay+f"    1    3.069636   2.044337   3.956793
  26         "ay-t"    1    3.024245   3.089942   3.935066
  27       "z-m+eh"    1    0.999905   1.001272   0.999846
  28      "ae-k+ix"    1    1.000020   3.007746   7.813163
  29      "er-iy+d"    1    2.999946   0.999979   0.999979
  30      "er-iy+k"    1    3.518977   3.383528   3.096353
  31       "n-f+ih"    1    2.921523   4.987694   1.010363
  32       "f-eh+k"    1    1.011052   1.967653   1.115847
  33       "f-eh+l"    1    1.007856   1.949942   1.361970
  34      "z-dh+ae"    1    5.147774   3.932480   1.007632
  35      "z-dh+ax"    1    4.398883   1.602334   2.131606
  36      "t-th+ih"    1    5.998027   3.000697   1.999956
  37      "p-ix+ng"    1    1.011238   1.005125   1.002537
  38      "y-ah+ng"    1    1.005511   4.163497   1.001193
  39       "g-aa+t"    1    3.348665   5.645070  13.074557
  40         "l+ao"    1    3.072119   1.003227   2.044931
  41       "d-er+s"    1    1.039517   1.002129   1.003390
  42      "r-ae+dh"    1    1.000021   0.999964   0.999957
  43      "aa-t+hh"    1    1.821049   2.621063   1.890428
  44      "er-t+iy"    1    4.326392   3.506163   3.721579
  45      "aa-t+th"    1    0.999970   0.999970   0.999970
  46         "l-iy"    2    4.988673   6.686059  16.841473
  47      "er-t+uw"    1    4.097816   3.889067   3.009565
  48         "l-ow"    1    8.277214   7.363674   2.950331
  49       "n-w+aa"    1    1.000109   1.022760   0.999991
  50      "uw-ah+n"    1   15.793834  13.508730   1.001307
  51      "ch-ix+f"    1    1.005123   1.000017   1.000004
  52       "s-hh+y"    1    8.465638   1.107812   0.999950
  53        "k-t+w"    1    0.999905   2.947478   5.874726
  54       "m-s+eh"    1    1.088781   2.019967   1.058398
  55       "m-s+ih"    1    3.955177   4.608969   2.441478
  56       "f-er+g"    1    1.009300   1.001807   1.024792
  57      "m-hh+ae"    1    1.000014   1.001825   8.992548
  58      "m-hh+er"    1    6.004889   2.933732   1.000062
  59      "er-ay+z"    1    1.969339   8.050624   7.455955
  60      "iy-m+ey"    2    3.283916   7.274154   2.000059
  61      "ey-eh+v"    1    1.006479   1.004376  12.146599
  62       "p-w+eh"    1    1.999955   0.999988   2.061558
  63      "iy-m+uw"    1    0.999957   0.999958   0.999956
  64        "n-d+n"    1    1.000003   1.000000   1.000000
  65        "n-d+t"    2    2.008308   2.504243   2.085256
  66        "n-d+z"    1    0.999990   0.999990   0.999990
  67      "ay-z+sh"    1    3.486933   1.868860   4.116460
  68       "d-p+ey"    1    3.032946   2.000192   7.680765
  69       "f-ey+n"    1    4.057120   2.453972   2.488352
  70       "f-ey+s"    1    3.053725   4.949496   5.996293
  71      "ae-t+aa"    1    1.000085   0.999934   0.999934
  72      "ae-t+ay"    1    0.999983   0.999964   0.999964
  73      "ae-t+dh"    1    1.000260   1.693042   1.105945
  74       "m-ih+s"    1    5.265928   1.070822   2.941393
  75       "m-ih+t"    1    1.345346   1.193435   2.448197
  76     "hh-er+ay"    1    1.208086   5.833231   4.054216
  77     "hh-er+ow"    1    1.003539   2.497062   9.246227
  78     "th-er+ow"    1    0.999911   0.999911   0.999911
  79       "k-ae+b"    1    1.825745   2.137336   4.067621
  80       "k-ae+n"    1    0.999958   0.999958   0.999958
  81       "k-ae+p"    1    1.005821   3.652660   3.189867
  82       "r-w+ih"    1    1.008035   0.999992   1.999375
  83       "t-f+ae"    1    1.000008   3.003226   3.250079
  84     "dx-ax+dx"    1    1.000964   1.000375   1.000937
  85       "s-b+ix"    1    1.596514   1.002156   1.999973
  86       "k-ah+l"    1    2.651307   7.195024   1.001257
  87       "k-ah+m"    1    2.558523   9.050823   2.515309
  88       "t-uh+d"    1    1.000153   3.848781   1.128066
  89      "jh-ax+n"    1    1.011233   1.000927   1.000814
  90      "jh-ax+z"    1    1.022021   1.004901   1.006337
  91       "g-ax+l"    1    1.572036   1.048030   1.149776
  92       "t-w+aa"    1    1.002049   1.000000   1.000000
  93       "k-ix+n"    1    1.140592   1.000542   1.000005
  94       "m-ae+n"    1    3.014565   5.740689  11.199609
  95       "t-w+ih"    1    1.176995   0.999894   1.004929
  96       "t-w+uh"    1    2.863315   1.967148   0.999994
  97     "er-dx+ax"    1    5.869899   1.896999   1.008288
  98       "k-iy+t"    1    2.495252   8.870096   3.844864
  99      "ax-n+ih"    1    2.073245   8.757171   4.971797
 100      "er-d+dh"    1    1.000833   3.947744   2.050995
 101        "n-s+p"    1    3.833062   3.250783   3.856512
 102      "w-ih+dh"    4    6.201413   4.271173   6.997869
 103       "z-n+ow"    1    1.996364   1.004422   1.973080
 104        "n-t+l"    1    0.999962   0.999962   0.999962
 105       "m-ah+v"    1    1.000962   4.833261   2.098756
 106       "l-er+f"    1    1.002128   1.301769   1.083745
 107      "ah-ng+f"    1    1.000268   1.000476   4.833878
 108       "g-l+iy"    1    1.009310   1.000000   2.060788
 109      "eh-v+er"    2    7.583762   2.321132   5.092788
 110      "uh-r+iy"    2    2.002582   4.310416   2.012168
 111       "k-t+aa"    1    4.800066   7.637891   3.803851
 112       "k-t+ae"    1    0.999997   0.999997   0.999997
 113       "k-t+ax"    1    1.028135   3.188164   1.747335
 114       "k-t+uw"    1    2.646341   4.184532   3.293587
 115       "d-y+er"    1    2.159508   1.837961   1.997309
 116         "m+ae"    1    1.000000   1.000000   1.000000
 117         "m+ax"    1    1.000000   1.000000   1.000011
 118         "m+ih"    1    1.000000   1.000000   1.000000
 119     "uw-ey+sh"    1    4.050324   7.974178   4.021722
 120       "m-ao+r"    2    7.973183   7.014905   3.828027
 121       "l-ey+s"    1    1.067506   2.002713   4.903018
 122     "dx-er+sh"    1    0.999913   0.999913   0.999913
 123      "r-eh+dx"    1    1.002883   1.132677   1.008869
 124       "s-ih+n"    1    1.011230   1.002163   1.019447
 125       "s-ih+s"    1    1.625210   1.032148   2.312937
 126       "t-uw+f"    1    2.651197   3.097956   1.009685
 127       "t-uw+k"    1    2.109274   3.752935   1.050886
 128       "t-uw+s"    1    1.266936   1.043022   0.999992
 129       "k-ax+n"    1    0.999879   0.999871   0.999916
 130       "k-ax+t"    1    1.123813   1.047662   1.102499
 131      "ih-t+ao"    1    1.007148   1.221806   2.782873
 132      "ax-f+eh"    1    2.976832   3.661083   4.326260
 133      "ih-t+ih"    1    1.000236   1.000025   1.000020
 134      "hh-ih+m"    4    8.738482   4.947822   5.737706
 135      "hh-ih+z"    2    1.999877   2.000525   2.018021
 136       "r-eh+g"    2    3.022604   2.004572   2.011040
 137       "s-k+ow"    1    6.893143   1.007793   1.075974
 138      "ng-f+eh"    1    3.086418   4.915781   1.998144
 139      "dx-iy+n"    1    0.999961   0.999961   1.002744
 140      "aw-b+ix"    1    3.999196   1.001271   1.000000
 141      "eh-n+hh"    1    1.023033   4.324586   3.443122
 142      "iy-n+ae"    1    0.999992   1.011652   1.845431
 143      "eh-n+iy"    1    1.185811   1.459020   1.444649
 144      "eh-n+jh"    1    1.000132   1.075620   1.002302
 145      "iy-n+ow"    2    5.825709   2.176249   6.005152
 146      "n-ix+ng"    1    0.999951   0.999951   0.999951
 147       "p-er+v"    1    3.438317   1.833168   1.198847
 148      "r-ey+ax"    1    5.016724   2.990364   0.999905
 149       "k-l+ow"    2    3.999705   2.000035   2.000011
 150       "m-ax+k"    2    2.007628   2.003285   2.008862
 151      "ax-w+ao"    1    1.995052   1.070023   0.999931
 152      "ax-w+ay"    1    3.968376  12.978459   1.001080
 153      "ax-w+er"    1    3.161146  11.140507   4.171766
 154      "ax-w+ey"    1    2.589409   8.960881   2.981911
 155       "m-ay+s"    1    1.967709   2.030861   4.000645
 156      "ax-w+iy"    1    1.002812  11.884981   2.746826
 157      "er-m+ax"    1    1.038590   2.956374   0.999999
 158      "ax-w+uh"    1    0.999969   0.999968   0.999968
 159     "uw-hh+ae"    1    0.999998   1.001318   3.902421
 160       "t-eh+r"    1    1.007010   1.025336   1.036825
 161     "uw-hh+ih"    2   12.312204   7.530046   6.248077
 162      "ng-w+ih"    1    1.002993   1.210906   1.001264
 163      "hh-ae+d"    3    6.046347   9.056203   3.954507
 164      "hh-ae+n"    1   10.018320   1.866892  10.111526
 165      "hh-ae+v"    1    1.000245   1.040924   3.266587
 166       "s-ah+d"    1    1.280674   5.775222   1.206944
 167       "s-ah+m"    1    1.081506   4.876513   1.098495
 168        "d-z+g"    1    0.999990   0.999990   2.998259
 169       "r-er+t"    1    1.524188   8.184401   8.153118
 170     "ay-hh+ae"    1    1.017979   1.006497   1.002515
 171     "er-dh+eh"    1    3.800234   7.952912  10.041826
 172      "ih-l+ax"    3   16.039310   9.763736   5.174959
 173     "ax-eh+jh"    1    0.999948   0.999949   1.009639
 174       "w-ih+t"    1    1.000009   0.999947   1.000141
 175      "dx-ax+d"    2    2.015398   2.011156   2.031015
 176      "m-ay+eh"    1    2.637053   4.982254   3.998013
 177       "s-ix+d"    1    1.000960   1.000150   1.000041
 178      "n-ow+ih"    1   12.995395   0.999945   0.999941
 179       "s-iy+m"    1    2.997944   3.993023   2.978616
 180       "s-iy+n"    1    3.921247   5.882476   3.204216
 181       "s-iy+w"    1    3.168696  13.877294  35.956741
 182      "n-ow+sh"    1    8.992330   3.019020   0.999988
 183      "ay-s+eh"    1    5.001022   4.730874   2.266784
 184      "hh-ix+m"    1    1.000584   1.000112   0.999952
 185       "k-d+uw"    1    1.006172   1.156177   3.080356
 186      "sh-ow+n"    1    8.564997   0.999880   0.999874
 187      "hh-iy+l"    1    1.000000   1.000240   2.001138
 188      "hh-iy+m"    2    1.999939   2.000094   2.442891
 189      "hh-iy+r"    1    1.009119   0.999980   6.010509
 190      "hh-iy+s"    1    0.999949   2.801022   1.161234
 191      "hh-iy+w"    1    0.999986   1.834992   1.372755
 192       "w-aa+z"    6    7.025689   9.018470  58.980717
 193       "t-er+d"    1    0.999939   0.999939   0.999939
 194       "t-er+m"    1    1.988028   1.010052   1.000332
 195       "s-t+ae"    1    0.999955   1.000265   1.049499
 196       "s-t+ax"    1    1.000113   2.873401   2.495663
 197       "s-t+er"    1    1.198370   3.889955   1.446486
 198       "s-t+hh"    1    1.000829   3.918111   2.441319
 199       "s-t+uh"    1    1.001021   3.614985   2.283393
 200     "uw-ax+hh"    1    1.002696   1.000626   1.000273
 201       "dh-g+r"    1    6.845978   1.000815   1.055803
 202     "ey-sh+ax"    1    9.998985   2.999988   0.999922
 203      "iy-w+er"    1    1.833269   2.393950   2.122660
 204      "iy-w+ey"    1    1.018210   5.635447   2.991482
 205      "iy-w+iy"    1    5.014999   1.006195   1.999957
 206      "ow-n+ix"    1    1.000150   1.020289   1.203676
 207      "ow-n+iy"    1    1.011409   1.298454   5.642175
 208       "m-d+dh"    1    1.452274   1.017072   4.998205
 209       "d-z+ax"    1    0.999977   1.000525   2.004571
 210         "n+aw"    1    2.762937   1.000615   1.057540
 211      "ix-s+ay"    1    3.988470   7.027894   2.014774
 212       "v-er+s"    1    2.004140   6.033793   1.381575
 213       "t-ey+b"    1    2.857665   5.033391   4.888299
 214      "er-v+er"    1    3.871541   1.065325   2.384129
 215       "s-ax+n"    2    2.001648   2.000903   2.020873
 216       "s-ax+s"    1    0.999924   0.999863   0.999884
 217       "s-ay+d"    1    2.752461   6.029391   5.214715
 218       "n-y+uw"    1    5.152090   1.018346   1.012028
 219      "m-dh+ax"    1    1.001374   1.933690   1.019119
 220      "ay-k+jh"    1    1.006680   3.001526   0.999973
 221       "w-iy+k"    1    3.303438   5.962368   4.983307
 222       "w-iy+w"    1    2.008425   1.076510   1.564789
 223      "ng-eh+v"    1    0.999983   0.999978   0.999975
 224      "ax-g+er"    1    1.000121   1.004797   1.000009
 225      "ax-g+ey"    1    2.000121   1.000048   0.999997
 226       "w-ao+r"    1    1.941534   7.018468   4.039028
 227       "v-ey+t"    1    3.313905   8.311860   5.957940
 228       "s-l+ih"    1    1.035019   1.000021   1.000087
 229       "s-l+iy"    3    5.999818   2.999909   6.451221
 230     "ax-hh+ae"    1    1.004935   1.978288   1.001296
 231     "ax-hh+iy"    1    3.009581   1.058344   0.999959
 232     "ax-hh+ow"    1    0.999948   0.999948   0.999951
 233      "n-iy+ae"    1    1.201244   2.952636   7.083470
 234      "ay-ae+z"    1    0.999973   0.999977   1.228804
 235      "aw-iy+z"    1    4.951928   4.012584   1.036509
 236      "l-ay+ae"    1    5.121677   8.162899   7.143106
 237       "d-r+aa"    1    0.999994   0.999982   1.000257
 238       "y-iy+l"    1    0.999990   0.999990  11.897244
 239         "f+ih"    1    0.999995   1.002912   5.025789
 240      "aa-n+ix"    1    1.058813   1.424367   1.430718
 241     "er-th+er"    1   10.002369   4.999664   3.999699
 242      "z-ch+eh"    1   14.658676   1.001873   0.999860
 243      "ae-v+ax"    1    4.883938   1.010883   3.899926
 244      "ae-v+er"    1    6.763277   1.163910   2.022481
 245      "aw-t+ah"    1    3.027318   1.973037   2.972775
 246      "aw-t+hh"    1    4.098293   2.383491   3.517636
 247       "ow-k+w"    1   12.437167   5.793077   5.770775
 248       "w-ay+t"    1    0.999980   1.000596   4.000916
 249       "ow-l+d"    2    3.079100  17.389189   4.112575
 250       "ow-l+s"    1    2.996708   7.989337   2.015885
 251      "k-er+ch"    1    0.999993   0.999995   1.000275
 252      "k-er+dh"    1    3.261055   1.298020   5.031396
 253       "f-r+ah"    1    1.364397   1.005829   1.006260
 254      "ih-m+hh"    2    5.534865   2.062902   9.675493
 255       "ow-n+b"    1    1.001901   2.253637   4.638203
 256      "ay-ao+l"    1    5.987159   4.029551   1.000086
 257       "l-ow+k"    1    8.056854   3.585510   0.999956
 258       "l-ow+s"    2   10.340007   5.644567   1.999971
 259     "iy-aw+er"    1    5.261375   6.436151  16.366421
 260      "ay-t+ah"    1    3.046460   2.971061   2.012515
 261       "ow-s+b"    1    2.986582   3.009851   2.411387
 262       "ow-s+l"    1    4.978196   5.133873   4.888152
 263      "p-ey+jh"    1    4.450430   7.235302   6.650767
 264       "t-y+uw"    1    3.000698   3.018700   2.934750
 265      "ax-p+er"    1    1.000160   1.000913   2.786008
 266     "iy-ey+dx"    1    1.047582   3.877316   2.078303
 267      "er-f+ey"    1    6.879153   1.001131  48.041130
 268      "uw-n+aa"    1    1.102891   2.780473   1.000915
 269      "b-ix+hh"    1    1.000000   0.999996   0.999981
 270       "n-ow+k"    1    0.999951   0.999951  26.996695
 271       "n-ow+n"    1   10.626884   1.005376   0.999928
 272       "n-ow+r"    1    8.199931   1.416589   1.020972
 273        "m-d+n"    1    2.279946   2.425290   8.116566
 274      "r-dx+er"    1    0.999913   0.999913   0.999913
 275      "w-ey+ae"    1    1.980654   7.119325   1.004481
 276      "ay-ax+t"    1    2.743467   1.002337   1.003244
 277      "w-ey+dx"    1    2.008128   1.040546   3.959327
 278     "jh-aa+sh"    1    0.999973   2.141781   8.857787
 279          "g+r"    1    1.960704   1.078917   1.209424
 280       "k-v+ey"    1    2.733112   1.026268   2.392128
 281        "m-g+l"    1    1.980581   1.006940   1.003002
 282          "k+l"    1    3.148127   1.030457   1.830486
 283       "b-s+er"    1    4.976162   1.038275   4.798531
 284       "d-b+iy"    1    0.999994   1.000004   1.023787
 285          "n-d"    1    1.000247   1.014552  10.898430
 286          "n-s"    2    9.996315  12.888097   8.196109
 287      "t-iy+ch"    2    4.506774   6.299825   2.004228
 288        "z-g+r"    2   17.256859  11.088818   7.125134
 289      "ih-v+ax"    1    3.942402   1.041505   1.001915
 290      "w-ao+dx"    1    1.015352   3.298994  19.618498
 291      "uw-f+ih"    1    1.005511   1.806608   4.138049
 292          "p+l"    1    1.000487   3.417136   1.581376
 293       "l-r+eh"    1    5.914503   1.668081   1.013352
 294       "l-r+iy"    1    3.574742   2.014409   1.526895
 295         "eh+n"    1    1.000013   2.265414   4.642046
 296     "iy-hh+ae"    2    2.000728   2.000064   1.999863
 297         "eh-m"    1    1.007813   1.001412   1.004891
 298         "eh-n"    1    1.008964  19.129616  13.583575
 299         "eh-r"    1    0.999860   0.999860   0.999867
 300      "ix-jh+y"    1    0.999996   5.009535   7.989428
 301      "dh-eh+m"    1    0.999937   0.999929   0.999936
 302      "dh-eh+r"    2    2.000295   2.001251   2.824041
 303        "z-k+w"    1    1.011821   1.083152   2.883501
 304      "z-sh+ay"    1   12.242938   2.774567   1.228548
 305     "uw-dh+ax"    2    1.999942   2.232561   2.751348
 306          "s-t"    1    1.904932   1.000123   0.999870
 307      "ow-g+ow"    1    0.999911   0.999911   1.005510
 308       "d-s+iy"    1    1.688995   9.723798   2.112016
 309     "ax-dx+iy"    2    2.868583   7.593293  14.796461
 310      "ix-l+iy"    1    4.881432   1.154017   2.889487
 311          "sil"   60  815.202576 3497.516846 446.807220
 312          "v-z"    1    0.999958   0.999957   0.999957
 313      "ay-d+hh"    1    2.025931   1.867942   3.383383
 314      "k-dh+ae"    1    1.027624   0.999964   0.999964
 315       "uw-v+d"    1    2.811183   1.175483   1.007949
 316       "t-ow+l"    1    0.999987   0.999987   0.999987
 317        "z-s+l"    1    1.003097  12.410336   4.033360
 318        "p-d+r"    1    0.999995   0.999994   0.999994
 319      "sh-ih+v"    1    0.999995   1.000447   1.047546
 320      "s-ih+ch"    1    1.108526   1.353933   1.529134
 321       "p-r+ih"    1    1.007851   0.999895   0.999895
 322      "uh-d+ix"    1    1.014784   1.002643   0.999958
 323       "b-ae+k"    1    3.999310   1.015300   6.021998
 324       "d-k+ah"    1    1.290447   1.456978   9.959002
 325      "ix-d+ax"    1    0.999903   0.999903   1.000640
 326      "ey-b+ax"    1    2.055584   1.009999   0.999934
 327      "er-g+aa"    1    2.000087   2.968961   1.005332
 328        "p-k+y"    1    1.144761   1.013625   1.103527
 329         "ey-d"    1    1.678653   1.332521   6.332562
 330      "b-iy+iy"    1    4.013629   7.299426   1.069850
 331         "ng-z"    1    0.999899   0.999899   0.999901
 332       "k-uh+d"    1    1.001557   1.000719   7.980831
 333       "k-uh+k"    1    1.001486   0.999958   0.999958
 334       "f-ih+l"    3    6.001218   2.999812   3.029980
 335       "f-ih+r"    1    0.999944   0.999973   0.999945
 336      "ih-dh+g"    1    0.999905   0.999877   0.999876
 337      "ih-dh+s"    2    1.999919   1.999928   2.003232
 338      "ih-dh+y"    1    4.824953   1.005204   1.000175
 339     "ng-aw+er"    1    6.113993   3.037249   1.966923
 340      "s-iy+ey"    1    2.038480   3.884481   2.166944
 341      "t-uw+dh"    2    1.999881   1.999881   1.999882
 342      "t-uw+hh"    2   10.678806  12.254544   9.595297
 343       "r-r+ih"    1    3.120673   1.858908   2.375584
 344       "k-w+aa"    1    1.839247   7.159050   0.999959
 345       "k-w+ao"    1    2.815394   4.174419   1.008494
 346       "k-w+ay"    1    3.085484   2.011623   1.069779
 347       "b-ix+l"    1    1.585450   1.989605   1.498336
 348       "b-ix+s"    1    2.653178   2.037663   2.281274
 349       "b-ix+t"    1    1.002757   2.236186   2.603558
 350      "ih-f+ay"    1    2.800380   2.685533   2.478657
 351       "v-z+ih"    1    1.007473   0.999921   0.999922
 352     "ix-hh+ow"    1    0.999981   0.999981   0.999980
 353      "ch-eh+r"    1    0.999910   0.999866   0.999865
 354       "d-ah+v"    1    3.998044   0.999931   0.999931
 355     "ch-ix+ng"    1    1.003975   1.003803   1.006459
 356        "p-t+b"    1    0.999963   1.748388   3.975921
 357      "v-hh+er"    1    1.010217   1.992819   1.002189
 358     "er-ch+ix"    1    1.000000   1.001208   0.999995
 359       "t-r+ey"    1    1.028857   1.000080   0.999917
 360        "f-f+r"    1    0.999900   1.038842   3.421037
 361       "d-ix+n"    1    1.000565   1.038276   4.905430
 362       "d-ix+v"    1    3.843695   1.329680   2.452930
 363       "ay-k+t"    1    1.004223   4.051589   1.009709
 364      "uw-g+ax"    1    6.981076  11.222732   2.960694
 365      "k-aa+ng"    1    1.450501   1.318318   7.827818
 366       "l-s+ih"    1    2.769043   6.222438   2.016527
 367       "n-b+ix"    1    0.999907   0.999907   0.999907
 368       "d-ao+g"    1    8.803900  12.981531   4.197225
 369      "d-ey+eh"    1    4.391156  12.694508  10.757647
 370      "aa-ng+k"    1    1.001852   1.002416   4.878502
 371       "b-aw+t"    1    1.001106   5.016092   2.795400
 372       "b-ax+l"    1    0.999934   0.999933   1.000105
 373       "b-ax+n"    1    1.000467   1.000922   1.052711
 374       "d-t+ao"    2    2.338412   7.338007   5.984684
 375       "d-t+eh"    1    0.999938   3.109429   4.314662
 376     "ix-ng+ae"    2    2.001033  14.623066   7.899494
 377     "ix-ng+aw"    1    4.938350   1.007241   3.873102
 378     "ix-ng+eh"    1    5.349839   1.000038   0.999983
 379     "ix-ng+ix"    1    7.961527  12.032904   0.999900
 380       "f-ix+n"    1    1.000084   1.000485   1.000118
 381       "f-ix+t"    1    1.223043   2.559608   5.900225
 382      "ax-z+ah"    1    2.217106   2.328019   5.621363
 383       "ey-d+n"    1    2.275856   2.012704   3.330546
 384     "ih-ch+uw"    1    1.000054   2.999717   4.005605
 385      "ng-z+ah"    1    1.052514   2.014688   4.849557
 386       "n-s+hh"    1    3.714877   4.281219   1.851148
 387       "ay-t+f"    1    4.094706   3.084291   2.819521
 388       "n-s+ix"    1    3.793363   1.434944   1.982917
 389       "f-ao+r"    1    5.138428   2.921190   2.938121
 390       "g-er+l"    1    1.020181   1.697671   1.003079
 391       "l-ih+m"    1    1.000316   1.000318   1.000278
 392       "m-uw+v"    1    1.000016   1.011606   1.000017
 393       "d-ax+n"    2    2.000673   2.007566   2.165794
 394       "d-ax+w"    1    1.001223   1.000756   1.002467
 395      "sh-ax+n"    1    0.999922   0.999921   0.999921
 396         "y+iy"    1    0.999999   1.127502   1.175719
 397       "f-t+uw"    1    2.857779   3.156332   1.000726
 398      "sh-ay+n"    1    1.767979   4.251903   5.747871
 399         "y+uw"    2    1.999975   2.000458   8.935224
 400      "ey-ae+z"    1    0.999996   1.000049   2.977297
 401      "dh-y+eh"    1    5.168317   1.000039   0.999969
 402       "s-f+ay"    1    0.999863   0.999863   2.000139
 403         "y-uw"    2    2.007148  17.699947   3.245386
 404      "n-hh+iy"    1    1.015408   2.122652   0.999986
 405     "iy-ay+hh"    1    3.044244   2.917641   5.992021
 406       "ao-k+t"    1    1.000451   0.999905   0.999928
 407      "ay-v+er"    1    4.455163   1.416037   2.129513
 408       "r-b+ix"    1    2.951177   3.858854   3.154884
 409       "ao-l+r"    1    0.999963   1.003854   1.013669
 410      "ae-ng+k"    1   40.459404   1.127691  25.703638
 411     "er-ix+jh"    1    1.000000   0.999954   0.999996
 412      "ae-ng+z"    1    1.000044   1.000618  11.036864
 413       "g-ey+m"    1    3.972844   7.065302   4.959653
 414       "ey-n+t"    1    1.000233   0.999967   0.999962
 415      "d-hh+ih"    1    6.598046   4.098403   9.026722
 416       "n-ih+r"    2    2.110750   2.488576   7.179470
 417      "g-ow+ix"    1    0.999916   6.993530   1.000146
 418        "s-t+k"    1    1.000012   2.034955   5.961313
 419      "ax-r+ae"    1   11.790332   1.896623  11.033143
 420      "w-ay+ax"    1    8.842808   5.025946   8.983276
 421       "f-ay+t"    1    7.954318   8.032765   7.993890
 422       "f-ay+w"    1    3.993718   6.009220   1.002345
 423       "s-w+aa"    1    1.000986   0.999987   0.999987
 424       "m-eh+n"    1    2.033745   1.033973   1.020332
 425       "n-k+uh"    2    2.000787   2.612662   6.935663
 426       "ey-s+t"    1    4.016891   3.993568   3.149693
 427       "ey-s+w"    1    3.389694   5.049000   3.657374
 428      "iy-z+ax"    2    2.122903   5.234579  10.112864
 429      "k-jh+aa"    1    0.999972   6.899350   3.095204
 430       "ao-r+d"    1    1.000122   3.975881   1.000934
 431       "ao-r+k"    1    3.035445   1.016932   1.982480
 432       "ao-r+t"    1    0.999893   0.999893   0.999893
 433       "ao-r+w"    1    0.999950   0.999940   0.999940
 434       "t-b+ae"    1   10.880329   1.008469   7.136788
 435     "dh-ax+eh"    1    0.999948   0.999948   0.999948
 436     "dh-ax+hh"    2    2.007162   2.001251   2.082072
 437       "n-aa+t"    2    2.000603   3.014805  11.868789
 438       "l-ah+v"    1    1.001132   2.026507   2.929112
 439       "ae-d+k"    1    2.044441   1.930375   2.277826
 440       "ae-d+s"    1    2.034590   2.358104   3.472758
 441       "ae-d+t"    1    1.968460   2.777995   2.198472
 442       "ao-t+m"    1    0.999904   0.999904   0.999904
 443      "ix-v+ay"    1    5.171563   1.058528   1.444455
 444       "p-ih+r"    1    1.444256   1.227789   1.976094
 445      "ey-t+ow"    1    2.952536   3.025474   4.065884
 446     "er-sh+ow"    1   10.350944   2.976676   3.460469
 447      "v-er+ix"    1    1.048977   1.000168   1.953345
 448      "v-er+iy"    3    3.999873   3.999958   5.000092
 449       "n-ae+n"    1    1.006875   2.078357   1.024414
 450       "l-iy+m"    2    4.432706   6.546569   6.004648
 451       "l-iy+p"    1    2.995977   3.989233   7.991666
 452       "l-iy+s"    1    3.301958   8.594572   2.240738
 453       "l-iy+t"    1    1.998562   1.998644   5.948202
 454       "l-iy+v"    1    4.010125   5.019327   3.787530
 455       "l-iy+z"    1    4.160606   1.774965   1.185041
 456      "ay-n+ax"    1    1.050968   2.212153   1.742438
 457      "ay-n+ix"    1    1.716809   2.282907   1.000025
 458       "iy-l+d"    1    6.245581   1.573785   4.283326
 459     "iy-dh+ax"    1    1.000014   0.999993   0.999996
 460       "t-s+hh"    1    1.728289   4.255534   2.115121
 461       "iy-m+d"    2    2.455440   4.533385   1.999982
 462       "t-s+iy"    1    1.493016   8.293318   2.084714
 463       "l-ao+r"    1    1.870572   6.267543   4.741704
 464       "w-uh+d"    1    0.999994   0.999994   0.999994
 465       "w-uh+l"    1    0.999968   0.999968   0.999968
 466      "ey-ax+l"    1    0.999906   0.999906   0.999952
 467       "r-ih+n"    1    0.999895   0.999895   0.999895
 468       "r-ih+p"    2    2.007346   2.060716   2.596012
 469       "iy-p+w"    1    1.901527   1.030990   1.078068
 470      "eh-r+ax"    1    1.081685   1.356071   8.223579
 471       "n-ix+k"    1    1.013812   1.175472   4.230557
 472       "n-ix+n"    1    1.001060   1.046754   1.916075
 473      "eh-r+ix"    1    0.999914   0.999922   0.999933
 474        "aw-er"    1    0.999955   1.000665   4.355278
 475       "ae-n+d"    6   11.440210  13.620853  19.202995
 476       "ae-n+k"    1    1.064324   5.280938   2.313536
 477       "ae-n+t"    1    1.000556   1.839437   2.117867
 478      "iy-r+iy"    1    2.039223   1.150025   1.003333
 479       "n-iy+d"    1    3.421466   8.156593   1.827061
 480       "iy-s+t"    2    7.371447   7.377745   6.203899
 481       "f-d+ao"    1    1.000210   1.000366   1.200954
 482       "ae-p+t"    1    1.202209   1.000958   1.362305
 483      "ix-n+ax"    1    1.023784   1.089089   1.000079
 484      "ix-n+dh"    1    1.459086   3.335145   2.008941
 485      "ah-l+er"    1    3.537871   4.279899   1.014161
 486       "r-aa+p"    1    2.999901   1.001185   1.000002
 487     "th-ih+ng"    2    2.510792  18.770815   2.767606
 488       "m-ey+d"    2    5.883780  16.873444   9.138636
 489        "ey-jh"    1    2.980082   8.024980  11.971648
 490      "dx-er+z"    1    1.723597   1.104571   1.003274
 491       "y-uh+r"    2   12.132429   2.009726   2.661819
 492       "iy-v+z"    1    2.192713   7.987831   3.026931
 493       "t-ih+n"    2    2.044224   2.101310   2.291153
 494       "t-ih+z"    1    1.012885   1.096026   2.820374
 495      "ih-ng+k"    1    1.070374   3.463871   4.231601
 496      "ih-ng+z"    1    0.999898   0.999897   0.999897
 497       "l-ax+k"    1    3.505150   1.020349   1.096512
 498       "l-ax+p"    3    4.979963   3.007820   3.013696
 499        "l-d+m"    1    1.000086   1.000034   1.000012
 500        "l-d+y"    1    1.001569   1.005475   2.996535
 501     "dh-er+th"    1    3.178427   2.750251   1.000007
 502       "n-t+ax"    1    3.633656   2.222126   1.923655
 503      "jh-y+ah"    1    1.992381   1.002810   1.000472
 504       "n-t+er"    1    1.028369   2.149363   2.821991
 505       "n-t+ih"    1    1.910699   2.553145   2.837369
 506       "n-t+ix"    1    1.958602   2.017041   1.961651
 507       "n-t+iy"    1    2.077474   3.178523   3.700832
 508       "l-ay+k"    2    3.472485   5.640766   6.240951
 509       "ae-t+y"    1    3.980031   3.018029   1.000124
 510       "n-t+uw"    1    1.428653   2.615803   4.899441
 511      "ay-f+er"    1    2.999986   1.032549   1.019211
 512     "ae-dh+er"    1    0.999957   1.141628   4.925883
 513      "y-uw+ah"    1    1.000509   1.003494   1.213424
 514      "y-uw+hh"    1    1.003362   1.000033   1.025388
 515      "y-uw+ih"    1    2.976999   1.000352   1.011021
 516      "t-hh+aw"    1    6.415425   1.122415   0.999999
 517        "l-f+d"    1    2.294165   4.836094   5.011962
 518        "l-f+f"    1    2.138098   4.196476   1.868757
 519        "l-f+t"    1    2.001868   2.559711   1.438120
 520        "l-f+w"    1    2.025217   4.067080   5.928432
 521      "t-hh+ih"    2    3.459520   7.164298  16.099239
 522       "s-eh+l"    5    5.000935   5.051851  11.650596
 523       "t-k+aa"    1    1.052708   1.000189   4.651962
 524       "t-k+ae"    1    2.032905   0.999984   0.999986
 525     "ow-ix+ng"    2    4.463071   2.355314   2.040596
 526       "m-p+ih"    1    1.008525   2.122041   1.002386
 527       "iy-z+d"    1    1.002063   2.060565   2.097864
 528       "iy-z+m"    1    0.999951   2.881756   1.120458
 529      "ax-b+aw"    1    0.999952   1.000186   0.999937
 530      "ih-p+ix"    1    3.040720   1.048350   1.936460
 531     "hh-iy+hh"    2    1.999866   4.905177   5.621865
 532       "er-d+z"    1    1.827937   2.223026   2.971122
 533       "t-aa+n"    1    1.281035   1.133342   6.324142
 534       "t-aa+r"    1    1.034555   1.006524   1.853878
 535       "r-ah+m"    1    2.806147   1.000276   1.029908
 536       "n-aw+b"    1    5.000682   8.043264   7.956346
 537       "n-aw+y"    1    5.401749   8.632398   9.956593
 538       "n-ax+s"    1    1.366579   1.160821   2.754386
 539       "n-ax+w"    1    0.999924   0.999924   0.999934
 540       "ae-z+k"    1    3.261497   1.769077   4.903533
 541       "p-t+ax"    1    1.000062   1.580355   1.079297
 542       "p-t+dh"    1    0.999992   1.931096   1.047092
 543      "ay-w+aa"    1    1.013121   5.904629   1.056832
 544     "er-iy+aw"    1    2.723069   6.590204   2.300357
 545       "r-ix+p"    1    1.005781   1.000002   1.000023
 546       "t-ae+n"    1    1.026754   1.022654  15.969843
 547       "t-ae+t"    1    0.999997   0.999997   0.999997
 548       "d-m+iy"    1    1.001636   3.066552   1.001225
 549      "s-ey+dh"    1    2.808326   4.245317   3.755547
 550       "r-iy+n"    1    2.456197   1.990661   1.000511
 551      "ah-d+ax"    1    0.999951   0.999997   1.000519
 552      "ax-s+ax"    1    4.242370   3.393883   3.368200
 553     "ch-uw+ey"    1    1.009594   1.000199  11.935863
 554      "ax-s+ih"    1    4.610391   5.108864   2.027271
 555      "er-ow+g"    1    0.999911   0.999911   0.999911
 556      "er-ow+n"    1    8.205218   1.007135   0.999905
 557      "ax-s+ow"    1    2.137478   4.954258   4.991684
 558        "hh+er"    1    2.800525   2.104326   1.000022
 559        "hh+ih"    1    3.665726   1.759262   1.000000
 560        "hh+iy"    3   14.000140   9.999813  10.996396
 561     "ow-sh+ih"    1   10.726013   3.239195   0.999966
 562       "t-ah+v"    2    3.065189   2.976278   5.924306
 563       "n-l+ay"    1    3.622130   1.016433   1.000884
 564       "er-l+f"    1    5.400147   5.847309   1.132092
 565       "y-uw+s"    1    1.178220   1.043486   1.550364
 566      "hh-er+s"    1    1.002475   2.975908   1.102877
 567       "p-ay+t"    1    2.000169   5.008854   3.962950
 568       "r-t+uw"    1    0.999962   1.992672   2.097051
 569      "ow-r+ix"    1    2.288386   1.483262   3.526499
 570       "k-y+uh"    2    6.478149   3.132576   5.047695
 571       "f-m+ao"    1    0.999999   1.000003  39.079437
 572       "t-ix+d"    1    1.015907   1.018203   1.003791
 573     "sh-uw+ax"    1    1.009103   5.794275   3.342102
 574      "v-dh+ax"    3    5.588822   5.849519   7.510063
 575       "w-eh+n"    1    0.999983   0.999983   0.999984
 576       "ah-n+d"    1    1.001289   1.112103   3.389793
 577      "v-dh+eh"    1    2.924611   1.158489   1.006664
 578      "v-dh+iy"    1    0.999942   0.999935   0.999934
 579      "aa-z+ah"    1    1.000411   3.091428   4.842137
 580      "aa-z+aw"    1    1.074872   2.875980   3.786127
 581      "aa-z+ax"    3    3.000502   4.000192  10.990996
 582     "eh-dx+iy"    1    6.191118   1.019602   0.999964
 583      "er-z+dh"    1    1.132748   2.953328   8.996077
 584       "l-d+dh"    1    1.034167   4.191019   2.224248
 585        "l-v+z"    1    3.463873  11.487035   1.001133
 586       "t-ao+k"    1    5.359638   5.958814   5.039308
 587       "t-ao+l"    1    2.956457   6.819806   2.624046
 588       "t-ao+t"    1    3.220248   7.705397   5.292833
 589     "ey-dx+ax"    2    2.355120   4.270789   5.321825
 590       "p-l+ay"    1    1.006631   0.999971   1.001088
 591       "er-s+t"    1    3.693310   6.673889   3.560541
 592       "p-l+iy"    1    0.999992   0.999992   1.825791
 593       "z-ih+t"    1    1.019534   1.093939   3.139607
 594       "r-ax+b"    1    1.000038   0.999999   1.000006
 595       "r-ax+s"    1    1.017393   1.000148   1.006053
 596     "hh-ae+ng"    1    8.231656   2.065964   4.410611
 597      "ax-k+ae"    1    2.980204   1.945381   1.017814
 598      "ax-k+ax"    1    3.042645   1.726753   1.327671
 599      "ax-k+iy"    1    3.253614   1.180010   4.305597
 600     "dx-iy+ah"    1    2.963649   4.002949   5.919127
 601       "y-eh+l"    1    0.999954   0.999954   1.000069
 602       "eh-g+s"    2    2.974303   1.999898   1.999898
 603     "dx-iy+dh"    1    3.006899   8.575691   7.400563
 604       "s-p+ay"    1    2.054028   1.999468   1.000078
 605      "s-hh+iy"    1    1.165384   1.000432   0.999934
 606       "ah-v+d"    1    0.999931   0.999931   0.999931
 607      "ng-k+dh"    1    1.000005   2.464684   3.691818
 608      "ng-k+er"    2    2.000354   2.526574   7.923005
 609       "n-d+dh"    1    0.999998   0.999998   0.999998
 610       "n-d+er"    1    1.001448   1.016530   2.912121
 611      "m-iy+ax"    1    3.923754   6.311794   2.720532
 612       "w-er+d"    1    1.010516   2.701694   1.006808
 613       "w-er+t"    1    1.000099   1.000428   1.026227
 614       "eh-k+t"    1    1.010537   6.903111   1.037892
 615       "t-ax+d"    2    2.002820   2.000930   2.007199
 616       "t-ax+n"    2    2.146279   2.029005   3.198552
 617       "eh-l+f"    4   13.999900  16.283127   6.714481
 618       "eh-l+v"    1    5.332842  12.662785   3.355989
 619      "ah-m+ah"    1    1.008159   1.083280   0.999989
 620      "ah-m+dh"    1    2.341769   1.772680   1.011035
 621       "t-ay+v"    1    5.002943   6.173173   7.825648
 622      "ey-m+ih"    1    1.155328   3.852074   1.000477
 623      "z-hh+iy"    2    6.871201   2.127457   1.999944
 624      "ay-eh+n"    1    0.999938   0.999960   1.003496
 625      "ng-ae+n"    1    1.005783   2.993454   1.001535
 626      "ng-ae+t"    1    1.000678   3.212393   7.761416
 627      "ae-z+hh"    2    3.766206   4.227063  11.114281
 628       "ax-b+s"    1    1.079460   1.271081   0.999997
 629      "aw-er+s"    1    0.999967   1.000732   1.008966
 630       "z-ah+v"    3    7.035539   4.173579   9.720711
 631       "y-er+s"    1    1.286622   5.022505   1.692101
 632       "ax-d+f"    2    2.323050   3.905424   4.965362
 633       "ax-d+p"    1    1.911369   4.075998   2.970779
 634       "ax-d+w"    1    1.252822   2.500746   1.995307
 635      "n-dh+ih"    1    0.999870   0.999879   0.999900
 636       "t-l+iy"    2    1.999915   1.999893   2.008765
 637       "eh-r+z"    1    0.999998   0.999998   0.999998
 638       "v-ax+d"    1    1.055369   1.006160   1.014143
 639       "v-ax+l"    1    0.999962   0.999955   0.999955
 640       "v-ax+s"    1    1.095994   1.003401   1.058547
 641      "iy-ih+n"    1    1.000007   1.000070   1.000982
 642       "v-ay+n"    1    2.552162   6.962951   4.027931
 643      "d-dh+ax"    3    6.966796   5.035842   3.999899
 644      "d-dh+eh"    1    0.999998   0.999998   0.999998
 645       "l-m+ay"    1    6.162846   7.938618   1.001327
 646      "s-ax+dx"    1    0.999966   0.999966   0.999966
 647     "aa-sh+uw"    1   10.826750  11.174866   8.836163
 648      "f-ae+ng"    1    6.548100   1.260886   8.884686
 649      "ng-ix+m"    1    3.432177   1.005647   1.010869
 650      "iy-k+ah"    1    3.121531   1.465098   3.422988
 651       "d-n+aa"    1    1.140435   1.000000   1.000047
 652       "d-n+aw"    1    1.000002   1.000695   1.016323
 653       "d-n+ih"    1    4.196078   1.438895   3.181933
 654       "d-n+ow"    1    5.403335   1.003076   1.000037
 655       "ax-k+d"    1    3.929908   2.065059   1.000059
 656       "ax-k+v"    1    1.042376   5.940867   2.247251
 657       "ax-k+y"    1    1.025331   3.007136   6.181437
 658       "ax-l+m"    1    4.079306  10.881540   2.469578
 659       "ax-l+r"    1    1.001540   5.250852   3.175832
 660      "ax-t+ay"    1    1.668481   2.002141   3.005464
 661      "ax-t+ey"    1    1.000036   3.001156   5.208307
 662        "r-d+f"    1    1.000181   1.000005   1.000014
 663       "ih-m+g"    1    0.999991   0.999991   0.999991
 664       "ih-m+s"    1    1.002257   0.999950   0.999946
 665       "ax-n+f"    1    2.564030   1.332016   8.186988
 666       "ax-n+k"    1    2.299053   2.786105   2.647945
 667       "ax-n+l"    1    3.193930   4.634017   2.300792
 668       "ax-n+s"    2    4.124382   8.865650  15.087110
 669       "ax-n+t"    1    1.028805   2.969808   3.078488
 670       "ax-n+w"    1    1.022190   7.943110   1.000847
 671     "ey-dh+ax"    1    5.198718   5.331661   1.217539
 672      "v-th+ih"    1    2.727124   6.272671  11.998460
 673      "r-ix+ng"    1    0.999913   0.999917   1.000131
 674       "ih-n+s"    2    2.174624   7.133676   5.714457
 675       "ih-n+t"    3    5.007003   4.988644   5.240250
 676       "ih-n+y"    1    1.895226   4.363073   3.914076
 677       "g-r+eh"    2    5.685257   6.947072   7.162801
 678       "g-r+ih"    1    1.582922   3.302297   2.890837
 679      "iy-ae+v"    1    1.002460   1.356380   9.453457
 680      "iy-ae+z"    1    0.999968   1.443062   1.606054
 681       "g-r+ow"    1    4.667587   2.588722   2.405416
 682      "hh-y+uw"    1    1.011928   0.999931   1.902740
 683       "ax-p+d"    1    0.999995   0.999995   0.999995
 684       "ax-p+k"    1    4.970445   1.029055   0.999939
 685       "ax-p+r"    1    1.065891   1.762999   3.202098
 686      "t-ay+ao"    1    2.014913   4.982792   6.014896
 687      "ow-s+iy"    1    3.077486   4.991991   2.951219
 688       "ih-p+t"    1    4.041663   1.000201   0.999957
 689      "l-iy+ae"    1    3.194557   4.475861   1.039737
 690      "l-iy+ay"    1    2.000759   3.187904   3.847372
 691      "iy-ah+v"    1    2.077331   0.999947   0.999985
 692      "ah-v+ax"    1    2.572683   1.000805   0.999988
 693      "dh-s+ah"    2    8.544619  11.955993   5.668780
 694      "ah-v+dh"    5   14.348926   6.005865   8.063389
 695       "z-aw+t"    1    3.253525   5.789567   2.216765
 696      "ah-v+hh"    1    2.085967   1.920211   1.003866
 697       "ih-r+b"    1    1.003189   1.006623   1.349445
 698      "ah-v+th"    1    5.935858   4.062504   5.000401
 699       "ax-s+k"    1    2.276721   3.050916   5.937450
 700       "ax-s+l"    2    7.124334  13.934571   8.021188
 701       "ax-s+t"    1    0.999866   0.999866   1.017525
 702       "z-ax+f"    1    1.007194   1.001990   1.010767
 703       "z-ax+k"    1    1.000703   1.000814   1.006389
 704       "z-ax+l"    2    2.002203   2.000206   2.001641
 705       "z-ax+r"    1    1.046991   1.011843   1.212240
 706       "z-ax+s"    1    1.175362   1.078597   1.522511
 707       "ih-s+f"    1    3.029106   5.186750   1.785887
 708       "ih-s+t"    2    6.595841   3.984372   4.889653
 709       "ax-t+l"    1    1.008527   0.999931   0.999932
 710        "r-k+l"    1    1.972119   1.035992   2.005529
 711      "k-ow+ih"    1    1.000388   1.000064   1.000028
 712       "ih-t+m"    1    1.995268   3.504062   6.304379
 713       "ih-t+s"    1    4.916193   2.254925   1.006864
 714       "ih-t+w"    2    4.002020   2.000325   2.165691
 715       "d-f+ao"    1    1.049483   2.549022   4.398956
 716       "d-f+ih"    1    0.999941   1.503443   9.493339
 717       "d-f+ix"    1    1.000181   1.221748   1.802938
 718      "iy-iy+z"    1    0.999968   7.951077   1.165805
 719       "v-d+ax"    1    1.179111   1.001934   1.261185
 720      "s-er+dx"    1    2.113173   1.089012   1.000835
 721       "v-d+ix"    1    0.999931   1.000234   3.145167
 722      "ax-l+ah"    1    3.519765   2.502442   1.003458
 723      "ih-z+ch"    1    0.999972   0.999832   0.999832
 724      "ih-z+dh"    1    4.510726   2.420101   5.602716
 725      "ax-l+ey"    1    1.829379   1.000478   1.001513
 726      "ax-l+iy"    3    5.000541   4.381272   8.949597
 727       "z-l+ay"    1    2.002306   1.016489   1.000727
 728      "r-ow+ix"    1    1.117666   7.635953  17.378344
 729       "aa-p+t"    1    2.075862   1.063853   1.108401
 730      "ow-ih+n"    1    3.172465   1.044123   1.519996
 731      "ow-ih+t"    1    0.999941   0.999940   0.999933
 732      "ix-ng+w"    1    0.999951   0.999950   9.784424
 733         "ih+f"    1    2.299033   1.517764   2.198145
 734         "ih+t"    3    5.017912   3.999884   9.957922
 735         "ih-m"    1    1.001205   1.000326   1.002378
 736       "ih-z+g"    1    2.081113   2.000040   3.629665
 737         "ih-r"    1    1.116957   1.547125  29.257826
 738         "ih-t"    1    2.811637   2.307934   3.507784
 739       "ih-z+s"    1    1.233439   2.009726   2.513455
 740      "dh-ih+s"    1    1.000070   1.000615   1.000574
 741      "iy-t+ih"    1    1.024722   4.083107   3.943683
 742       "aa-r+r"    1    1.020625   1.000936   1.002771
 743      "iy-t+uw"    1    2.169807   1.010488   0.999946
 744      "ow-k+ae"    1    2.999857   0.999949   0.999958
 745       "d-w+ih"    2    6.779001   4.666808   3.551360
 746     "hh-aw+iy"    1    1.000365   3.002584   6.995775
 747       "aa-t+k"    1    3.839431   1.134346   1.002345
 748     "ch-hh+ix"    1    5.020905   1.921245   4.927997
 749      "t-dh+ax"    2    4.023718   3.207544   4.943031
 750      "er-s+ax"    1    3.210435   5.606241   1.184503
 751      "er-s+eh"    3    9.918355  19.998695   6.998542
 752       "ix-d+w"    1    0.999946   0.999944   1.003949
 753       "ix-f+m"    1    1.455048   0.999989   1.468616
 754      "iy-ax+b"    1    4.797677   1.093973   3.078929
 755      "aw-y+uw"    1    1.001290   1.000007   0.999997
 756      "iy-ax+s"    2    2.005516   2.000297   2.005349
 757       "t-m+ao"    1    4.083165   3.235737   1.000118
 758       "t-m+ay"    1    0.999904   0.999904   0.999904
 759        "r-z+n"    1    1.000010   1.733261   7.099832
 760         "ae+n"    2    5.923562   2.495203   3.917732
 761       "aa-z+l"    1    0.999882   1.001032   6.998020
 762       "f-w+aa"    1    1.978074   0.999882   0.999882
 763      "ih-r+ax"    1    1.032089   1.040329   1.326089
 764      "ax-d+eh"    1    1.000013   1.000263   3.237807
 765      "ih-r+er"    1    1.000002   1.002986   1.016665
 766      "dh-ae+t"    2    2.019266   2.071457   1.999923
 767       "s-ow+s"    1    6.268602   1.672834   0.999963
 768       "z-d+uw"    1    0.999992   0.999994   1.335340
 769      "ae-b+ax"    1    3.273752   1.692644   1.026921
 770       "ix-k+t"    1    1.014043   3.563651   5.248877
 771         "ah-m"    1   11.897465   1.150768   1.086856
 772      "eh-l+ax"    1    3.455139   2.633253   3.285348
 773      "hh-ow+l"    2    5.874449   5.160997   6.931125
 774      "eh-l+ow"    2   11.046797   2.877673   2.546438
 775        "dh+ax"    2    8.467151   6.195694   4.410581
 776      "iy-l+uh"    1    1.000099   0.999997   1.001358
 777       "ix-m+p"    1    1.465431   1.000730   1.952999
 778       "ix-m+s"    1    0.999953   0.999952   0.999952
 779     "iy-ch+hh"    1    0.999948   2.998074   3.962748
 780     "iy-ch+ix"    1    1.111400   2.580749   3.038198
 781       "d-uw+g"    1    1.001130   1.055215   1.636878
 782       "d-uw+n"    1    1.560839   0.999958   4.112563
 783       "ix-n+n"    1    1.274684   1.879555   1.994450
 784       "ix-n+s"    1    1.752226   2.230736   2.029955
 785       "ix-n+t"    1    1.011118   2.389957   3.593159
 786         "ix+n"    1    1.867071   1.074469   1.001738
 787      "uw-s+ey"    1    3.260426   6.351407   2.986323
 788       "ix-p+l"    1    2.988847   2.011058   1.841737
 789         "iy-k"    1    3.997896   1.826748   4.198925
 790      "uw-s+iy"    1    3.741463   8.253351   2.984245
 791      "dh-iy+z"    1    3.017534   3.981710   1.000251
 792      "r-iy+ax"    2    5.580584   8.428209   4.590601
 793      "r-iy+ih"    1    1.797166   5.948284   6.049446
 794       "n-n+ow"    1    1.000847   1.041674   3.859921
 795     "ao-dx+er"    1    0.999935   0.999935   4.996731
 796       "g-s+ax"    2    2.011899  10.228465   5.799067
 797         "ao-g"    1    3.812541   1.002269   2.520447
 798         "ao-l"    1    0.999916   1.000545   7.583768
 799      "n-jh+ax"    1    7.520836   2.381362   7.256249
 800       "uh-d+b"    1    0.999994   0.999994   1.000057
 801       "uh-d+n"    1    1.318689   3.511250   2.158639
 802       "ix-t+r"    1    4.711133   4.380860   7.025732
 803       "ix-t+s"    1    3.181693   1.448020   0.999991
